0 1
 0.8653915481540309 1
1 0
 0.5227971768442747 1
2 0
 0.5301596001244661 1
3 0
 0.6557443267531137 0
4 0
 0.6029828043641162 0
5 0
 0.653363569918612 0
6 0
 0.6638687067098819 1
7 0
 0.5536341731802558 1
8 0
 0.7652451747763434 1
9 0
 0.710328551090442 0
10 0
 0.7380377037018959 0
11 0
 0.7727662980929413 1
12 1
 0.8440100435731693 1
13 0
 0.4579070095892901 1
14 0
 0.8765334905389232 0
15 0
 0.6163178533803816 1
16 0
 0.8618385617560386 0
17 0
 0.699103284514768 1
18 0
 0.7461039022357785 1
19 0
 0.6484267424220682 1
20 0
 0.6992325507617307 1
21 0
 0.7934503691161271 0
22 1
 0.9022479172734575 1
23 0
 0.5839663444731655 1
24 0
 0.5366732692274849 1
25 0
 0.8074862550507321 1
26 0
 0.4780925699448574 0
27 0
 0.6237359158062694 1
28 1
 0.8613383977401117 1
29 1
 0.7692980868052746 1
30 0
 0.6885397096242316 0
31 0
 0.8039480803295256 1
32 0
 0.7745950245319791 1
33 0
 0.784775171583982 1
34 0
 0.8120189467997483 1
35 0
 0.663735291175543 0
36 0
 0.6714813508960703 1
37 0
 0.6786106242152321 0
38 1
 0.6986752061434948 1
39 0
 0.7467384020266931 1
40 0
 0.6306705702211648 0
41 0
 0.567203323568865 1
42 0
 0.5130814470897931 1
43 1
 0.7756366991818519 1
44 0
 0.9999999992171116 0
45 0
 0.8967036146474326 0
46 0
 0.845391105059885 1
47 0
 0.7338184814526653 1
48 0
 0.7887040373329081 1
49 0
 0.7224106145951575 1
