0 0
 0.7743313984259445 0
1 1
 0.7642227411131768 1
2 0
 0.6863881913457702 0
3 0
 0.5932013438537114 1
4 1
 0.8781747473457083 1
5 0
 0.5825415546434556 1
6 0
 0.6269769180275346 1
7 0
 0.7184324548493838 1
8 0
 0.9271241106029484 0
9 0
 0.8258020630361209 1
10 0
 0.5847237869496144 1
11 0
 0.8064740735625607 1
12 0
 0.6231701653316795 1
13 0
 0.5032069787946885 1
14 0
 0.9999999990676705 0
15 0
 0.6479302247819428 1
16 0
 0.6356276285893669 1
17 0
 0.7617414495819832 0
18 0
 0.5371552552393349 1
19 0
 0.579244777284444 1
20 0
 0.6475865201040133 1
21 0
 0.5841108197622874 1
22 0
 0.7131067379940006 0
23 0
 0.7562754874411806 1
24 0
 0.5826732221440938 1
25 0
 0.7497194817769143 1
26 0
 0.7004294848531428 0
27 0
 0.6874733992439825 0
28 0
 0.5931183435519023 1
29 0
 0.7013654916727727 1
30 1
 0.8493955332468617 1
31 0
 0.6039287738886989 1
32 0
 0.7995062295456462 1
33 0
 0.5760122888965374 1
34 0
 0.7132815160626809 0
35 0
 0.8562166253062258 0
36 0
 0.47490639552305025 1
37 0
 0.6624483941366353 1
38 0
 0.7423357601583084 1
39 0
 0.7630822995447974 1
40 0
 0.6604224524969594 1
41 0
 0.5141945332348618 1
42 0
 0.5326847277031299 1
43 0
 0.5937751086708946 1
44 0
 0.689640880663966 1
45 0
 0.7414863932580751 1
46 0
 0.48901370514685744 1
47 0
 0.9332217664835792 0
48 1
 0.7889316110669689 1
49 0
 0.6666847800610437 1
50 0
 0.5525531508952962 1
51 0
 0.77382959317417 1
52 0
 0.7052447789759282 1
53 0
 0.8492662380893542 1
54 0
 0.7314482908258991 1
55 0
 0.7384194551299611 0
56 0
 0.7370244718466956 0
57 0
 0.7135692935435111 0
58 0
 0.5566798242467182 1
59 0
 0.8308487916985053 1
60 0
 0.5906525413490843 1
61 0
 0.4987175095301012 1
62 0
 0.520842686327716 0
63 0
 0.5538807544625735 1
64 0
 0.9229126997969761 0
65 0
 0.537434404590439 1
66 0
 0.7792225116628989 0
67 0
 0.557559980965549 1
68 0
 0.7863829998976121 1
69 0
 0.6347649088939866 1
70 0
 0.6352283168490073 1
71 0
 0.5899279363307698 1
72 0
 0.7959731310969878 0
73 1
 0.8948221580623907 1
74 0
 0.5452065597767844 1
75 0
 0.7535098548122968 0
76 0
 0.5900043901964397 0
77 0
 0.6451777366562869 0
78 0
 0.5255233616401981 1
79 0
 0.718616465093304 1
80 0
 0.5838360388607715 1
81 0
 0.726801793414981 1
82 1
 0.7039948499999351 1
83 0
 0.7329511597646782 1
84 0
 0.4340635699445505 1
85 0
 0.8524182746037516 0
86 0
 0.7613062056972694 0
87 0
 0.6449884955756476 1
88 0
 0.71206198896596 1
89 0
 0.6623454263941305 1
90 0
 0.5260118404347138 0
91 0
 0.4890450015649111 1
92 0
 0.5129124891792999 1
93 0
 0.5949890592829283 1
94 0
 0.5412254519634728 1
95 0
 0.6168992578194988 0
96 0
 0.685244239348146 1
97 0
 0.6378221063710222 1
98 0
 0.5496114016589583 0
99 0
 0.5900294652454185 1
100 0
 0.40956385349963986 1
101 0
 0.8293540412622811 1
102 0
 0.5859778288700627 1
103 0
 0.6147909893142149 0
104 0
 0.7759802377150364 1
105 0
 0.7017153988655579 1
106 0
 0.73286066133797 0
107 0
 0.6008163341252725 1
108 0
 0.6552475993707956 1
109 0
 0.5862208612575939 0
110 0
 0.614678366930578 1
111 0
 0.6889469661936535 1
112 0
 0.6807091117776867 1
113 0
 0.8102970782902542 1
114 0
 0.7709395917509821 0
115 0
 0.5833658836367955 1
116 0
 0.8685475615173479 0
117 0
 0.6859604884417204 1
118 0
 0.44269102169153157 1
119 1
 0.6804622610822191 1
120 1
 0.7140918691932056 1
121 0
 0.7312207358378344 1
122 0
 0.6745445143678275 0
123 0
 0.5626908728817562 1
124 0
 0.7040380778749096 1
125 0
 0.6170615214312732 1
126 0
 0.8205703992222538 1
127 0
 0.4719921168092173 1
128 0
 0.4522765785832476 1
129 0
 0.4107174489717478 1
130 0
 0.5686862759967685 1
131 0
 0.45654787719350665 1
132 0
 0.7027249936490907 1
133 0
 0.7513665472010576 1
134 0
 0.6460311427999961 1
135 0
 0.8115624683034601 1
136 0
 0.48609245952373903 0
137 0
 0.7352363334391129 1
138 0
 0.6502094649844016 1
139 0
 0.7114884986238468 0
140 0
 0.5490651135306212 1
141 1
 0.8359868070860206 1
142 0
 0.6488257408745267 0
143 0
 0.6507377689439169 1
144 0
 0.6290817464113624 1
145 0
 0.906535205205723 0
146 0
 0.7330737307035717 1
147 0
 0.6237162604702862 1
148 0
 0.5052723459780286 0
149 0
 0.6482545573994516 1
150 0
 0.7683879907651765 1
151 0
 0.6305696416144777 1
152 0
 0.7473806214961475 1
153 0
 0.5206835470518164 1
154 0
 0.9259676975545669 0
155 0
 0.711766582756414 1
156 0
 0.580045467687926 1
157 0
 0.6086655827465733 1
158 0
 0.5754076986561476 1
159 0
 0.6455958161468164 1
160 0
 0.7171651026901062 1
161 0
 0.7528983969695204 1
162 0
 0.6466565773378025 1
163 0
 0.562995997213031 1
164 0
 0.564311758770336 1
165 0
 0.6290813355728918 1
166 0
 0.650478553577434 0
167 0
 0.7198820038081879 1
168 0
 0.44174920752667873 0
169 0
 0.5880183480082359 1
170 0
 0.8241059226535951 0
171 0
 0.651583842341418 1
172 0
 0.7771314419032465 1
173 0
 0.8197149856219679 1
174 0
 0.7329552743359865 1
175 0
 0.6443068238875505 0
176 0
 0.8191528597287805 1
177 0
 0.5685389287882785 0
178 0
 0.4677793577789786 1
179 0
 0.6364954380626615 1
180 1
 0.8005654160797908 1
181 0
 0.39241734368537734 1
182 0
 0.5234178855512441 1
183 0
 0.6779345746681501 0
184 0
 0.5527876475540419 0
185 0
 0.615029069441995 1
186 0
 0.5362213823244028 1
187 0
 0.8170864688201964 0
188 0
 0.4950829870093797 1
189 0
 0.6080960022537634 1
190 0
 0.570405143671311 1
191 0
 0.8009204491944547 1
192 0
 0.6027349428294437 1
193 0
 0.6788944928351349 0
194 0
 0.6268377510735189 1
195 0
 0.7432531799126024 1
196 0
 0.512173381818695 0
197 0
 0.6854288423064764 1
198 0
 0.6969071191412849 1
199 0
 0.7087321673400759 1
200 0
 0.6388777336720197 1
201 0
 0.5544825084376562 1
202 1
 0.724168187807484 1
203 0
 0.8568051617101076 1
204 0
 0.5638843958629237 1
205 0
 0.8131693538868492 0
206 0
 0.647225431900213 0
207 0
 0.6580334301847399 1
208 0
 0.7005076392773295 1
209 1
 0.7825725967407857 1
210 0
 0.5305017320190263 1
211 0
 0.6326152353547365 1
212 1
 0.7913662567429348 1
213 0
 0.5861720190183421 1
214 1
 0.9006576126104494 1
215 0
 0.5217394524162644 1
216 0
 0.7078538045158584 0
217 0
 0.818252574689366 1
218 0
 0.6959873988269965 1
219 0
 0.7451529169565547 0
220 0
 0.6524773290024999 0
221 0
 0.6602745695721459 1
222 1
 0.6860931584868732 1
223 0
 0.6173341575310282 1
224 1
 0.8891629950353667 1
225 0
 0.6171538037849951 1
226 0
 0.7513575199352119 0
227 0
 0.7130006100467892 1
228 0
 0.8359529748288658 0
229 0
 0.7661093641235486 1
230 0
 0.5717333544275112 1
231 0
 0.7190004286864599 1
232 0
 0.7426821871750139 1
233 0
 0.5204830448833322 1
234 1
 0.7033665312311675 1
235 0
 0.6454039337876414 0
236 0
 0.6817943784699796 1
237 0
 0.6423584247121014 1
238 0
 0.722751173400911 1
239 0
 0.5804204170256578 1
240 0
 0.5457053582120484 0
241 0
 0.8891228438779014 0
242 1
 0.8490733542234765 1
243 0
 0.8417986721360647 0
244 1
 0.579564237031933 1
245 0
 0.6122291050653779 1
246 0
 0.61576802815779 1
247 0
 0.6972043264486082 1
248 0
 0.5577656275797707 1
249 0
 0.6217698829796762 1
250 0
 0.7529484008501804 1
251 0
 0.5542188785855937 0
252 0
 0.6334093424055698 1
253 0
 0.7789813296020043 1
254 1
 0.4398288041819174 1
255 0
 0.6804061806383681 1
256 0
 0.7026808814037818 1
257 0
 0.5863571219365176 1
258 0
 0.47311227401231787 0
259 0
 0.777182878350585 1
260 0
 0.6077936553042875 1
261 0
 0.4600903131642562 1
262 0
 0.5496093180242878 1
263 1
 0.47632971044504996 1
264 0
 0.6296524278831458 1
265 0
 0.6429647798504853 0
266 0
 0.7146894668614816 0
267 0
 0.7294505750709045 1
268 0
 0.6992556941057467 1
269 0
 0.5576649398760691 0
270 0
 0.6861538450298725 1
271 1
 0.8573503775905037 1
272 0
 0.6386449395480521 0
273 0
 0.5843120165779576 0
274 0
 0.6955730627673387 1
275 1
 0.8224789939189803 1
276 0
 0.6240899824173025 1
277 0
 0.6767987843836776 0
278 0
 0.7269246761414305 1
279 0
 0.5672943083109302 1
280 0
 0.5961110523320186 1
281 0
 0.668667099427524 1
282 0
 0.588750146360737 1
283 0
 0.6435133542621576 1
284 0
 0.7056306244324696 1
285 0
 0.5951131131192644 1
286 0
 0.6220953770159229 0
287 1
 0.7489969472705957 1
288 0
 0.5821671772658161 1
289 0
 0.6379787210902036 0
290 0
 0.8034234071296019 1
291 0
 0.5152162709057101 1
292 0
 0.5308701135031716 1
293 0
 0.5674803449172905 0
294 0
 0.752838280120688 1
295 0
 0.6480094850627909 1
296 1
 0.958403639687143 1
297 0
 0.6778730670830546 1
298 0
 0.8955887399658095 1
299 0
 0.6883212132941963 1
300 0
 0.5610342356729109 0
301 0
 0.797767187224471 0
302 0
 0.6568807574792839 1
303 0
 0.5334137217292457 1
304 0
 0.5498528503219802 1
305 0
 0.5836476313503511 1
306 0
 0.6980058582510976 1
307 0
 0.7595223142537749 1
308 0
 0.7757168611427064 0
309 0
 0.6256152717785192 0
310 0
 0.7829096549787642 0
311 0
 0.5104581766327067 1
312 0
 0.39639104631706956 1
313 0
 0.4191643033388009 1
314 0
 0.6081105240306451 1
315 0
 0.7517739583169176 1
316 0
 0.6118062369865055 1
317 0
 0.7251603519538199 1
318 0
 0.6055036254098329 1
319 0
 0.7528417120956935 0
320 0
 0.5830544517521337 1
321 0
 0.7009153290391616 1
322 0
 0.7881322735557554 0
323 0
 0.5857577451226034 0
324 0
 0.7099197327183548 1
325 0
 0.5543663192962092 1
326 0
 0.5118537039287928 0
327 0
 0.7920364824303788 1
328 0
 0.6470077926067869 1
329 0
 0.44992093750051754 0
330 0
 0.7475994759254531 1
331 0
 0.6574142912650326 1
332 0
 0.5842305306401052 1
333 0
 0.6097676158941162 1
334 0
 0.7540384472082121 0
335 0
 0.4986704833812702 0
336 0
 0.8355357886025079 1
337 0
 0.6078456888868317 1
338 0
 0.6840963693310268 0
339 0
 0.5775109061082627 1
340 0
 0.7106483742975834 1
341 0
 0.7027088628443753 1
342 0
 0.4195928681793082 0
343 0
 0.7201867354616543 0
344 0
 0.7214651663262671 1
345 0
 0.4948125320903168 0
346 0
 0.5924767324886576 1
347 0
 0.517248367330146 1
348 0
 0.6319903531141022 1
349 0
 0.7381497238851787 0
350 0
 0.6357588904298407 0
351 0
 0.5715658944202028 1
352 0
 0.8640231900457882 1
353 0
 0.5722145385504623 1
354 0
 0.6292490878001112 1
355 0
 0.8149524106471149 0
356 0
 0.655655646211773 1
357 0
 0.6381689206080489 0
358 0
 0.4325187302282649 0
359 0
 0.5492321102177338 1
360 0
 0.6243536565266312 1
361 0
 0.6927410118828726 1
362 0
 0.6602326651434274 1
363 0
 0.7792496549518638 0
364 0
 0.8278595232078229 0
365 0
 0.6210992470420705 0
366 0
 0.6945857533143309 1
367 0
 0.5769789544634996 1
368 1
 0.9082464400687212 1
369 0
 0.7166018699315082 0
370 0
 0.6938761164480077 1
371 0
 0.7429864982507965 1
372 0
 0.6523514284861048 1
373 0
 0.5199194134651088 1
374 0
 0.7133148079070821 1
375 0
 0.7168834474967203 1
376 0
 0.46469815722628915 1
377 1
 0.838652428800616 1
378 0
 0.7700285563309845 0
379 0
 0.6983692927671722 1
380 0
 0.6200002316563565 1
381 0
 0.6767672251227537 0
382 0
 0.8375808554252546 1
383 0
 0.6273793683381812 0
384 0
 0.6147829903865071 1
385 0
 0.7094771587153728 1
386 1
 0.8858484661199494 1
387 0
 0.7476338773785033 0
388 0
 0.9247384124434844 0
389 0
 0.8142471578764824 1
390 0
 0.7922392686275787 1
391 0
 0.6831949275448437 0
392 0
 0.5747786279257034 1
393 0
 0.6800858897988891 1
394 0
 0.5128661424161285 0
395 0
 0.5381403823211565 1
396 0
 0.753113435006494 1
397 0
 0.537268919102439 1
398 0
 0.7155595099595099 1
399 0
 0.723238639153087 1
400 0
 0.8105668518026287 0
401 0
 0.6153963125267033 0
402 0
 0.5868518096878464 1
403 1
 0.8676559922915864 1
404 0
 0.748767738747004 0
405 0
 0.505362309786588 1
406 0
 0.7347273174424954 0
407 0
 0.74744536957869 1
408 0
 0.7038867161877147 0
409 0
 0.5762956666948601 1
410 0
 0.7194638451823483 1
411 0
 0.837080989817459 0
412 0
 0.7382388462392209 1
413 0
 0.7911838770297871 0
414 0
 0.8173762245307141 0
415 0
 0.6708266477400323 1
416 1
 0.8269421317742087 1
417 0
 0.46766371266141293 1
418 0
 0.5421078339664018 0
419 0
 0.6128916235468259 1
420 0
 0.7967448235321665 0
421 0
 0.6310530896384622 1
422 0
 0.5862069026985502 1
423 0
 0.5703982682873866 0
424 0
 0.5904799018424912 1
425 0
 0.8499207113024375 1
426 0
 0.6743940023217344 1
427 0
 0.6384062804633295 1
428 0
 0.7631247439943368 0
429 0
 0.6715622503385089 0
430 0
 0.7938060520627208 0
431 0
 0.7449988063629583 0
432 0
 0.5853989440840048 1
433 0
 0.699225022242264 1
434 0
 0.4730499301622619 1
435 0
 0.744660219687503 0
436 0
 0.5151854374241975 0
437 0
 0.7096512524289698 1
438 0
 0.7087097041261551 1
439 0
 0.6132923455251333 1
440 0
 0.7989455260646192 0
441 0
 0.5829240866574056 0
442 0
 0.5929964961717834 1
443 0
 0.6404896024712422 0
444 0
 0.6075120198139288 1
445 0
 0.6310082461568903 1
446 1
 0.87727475254768 1
447 0
 0.6270425824087951 1
448 0
 0.6876635787443574 1
449 0
 0.6272247998542573 1
450 0
 0.660199041273251 0
451 0
 0.7354844550995768 1
452 0
 0.7403282137529031 1
453 0
 0.6540149622522785 1
454 0
 0.7497254144050541 1
455 0
 0.7858740089634152 1
456 0
 0.8343798247742398 1
457 0
 0.7561244959436358 1
458 0
 0.667242540914809 1
459 0
 0.6968022564349198 1
460 0
 0.895226390586313 0
461 0
 0.6925600320482749 0
462 0
 0.7476116979699652 1
463 0
 0.5427456100710035 0
464 1
 0.7652533811858421 1
465 1
 0.6134948976911415 1
466 0
 0.5175303578996039 1
467 0
 0.6388736441199708 1
468 0
 0.6228080886084584 0
469 1
 0.738222260175123 1
470 0
 0.5926616649490561 1
471 0
 0.5448958889062738 0
472 0
 0.6464055615589506 0
473 0
 0.5578383410687151 0
474 0
 0.7652669560350129 1
475 0
 0.6013730638126479 1
476 0
 0.6893431106120798 1
477 0
 0.8441292876077184 0
478 0
 0.699474876503286 1
479 0
 0.7382226187376507 1
480 0
 0.7752742552535293 0
481 0
 0.5931043792645113 0
482 0
 0.7057255258986251 1
483 0
 0.5918380393949192 1
484 0
 0.57479632926045 1
485 0
 0.6709156428759828 0
486 0
 0.761336538881215 1
487 0
 0.6079401051405399 1
488 0
 0.5717016463060953 1
489 0
 0.6429697010817522 1
490 0
 0.5714631188063644 1
491 0
 0.6370659906134629 1
492 0
 0.7786761336868582 0
493 0
 0.5763223669302048 1
494 0
 0.548165365253657 1
495 0
 0.9357899654899736 0
496 0
 0.589578683001538 1
497 0
 0.4877688964282415 1
498 0
 0.691964883879273 1
499 0
 0.7577647453062999 0
500 0
 0.5029542936577565 1
501 0
 0.7021083123356621 0
502 0
 0.8385887516056775 1
503 0
 0.6599404456949953 1
504 0
 0.5314173132497861 0
505 0
 0.5460731924546481 1
506 0
 0.8206449808591477 1
507 0
 0.5745134287307684 1
508 0
 0.6149717048849991 1
509 0
 0.8754580754787992 1
510 0
 0.6121876051323101 1
511 0
 0.5449900942062109 0
512 0
 0.7114453339890034 1
513 0
 0.6560208572740309 1
514 0
 0.5568363070941846 1
515 0
 0.6253223635191479 1
516 0
 0.6296755572997339 1
517 0
 0.5559339414372401 1
518 1
 0.999999999963608 1
519 0
 0.615624666555199 1
520 1
 0.8433514626245928 1
521 0
 0.6866450719218105 0
522 0
 0.5684639935901983 1
523 1
 0.7976079727110648 1
524 0
 0.7633222051901316 0
525 0
 0.7669748712653474 0
526 0
 0.6207829562475573 1
527 0
 0.7242475320359725 0
528 0
 0.7486851266202582 1
529 0
 0.5146878573350626 1
530 0
 0.7241286273816415 0
531 0
 0.6044746892625501 1
532 0
 0.6783715578219907 1
533 0
 0.5209402371612766 1
534 0
 0.4950098831941552 1
535 0
 0.8700659835924093 0
536 0
 0.5790976780021992 1
537 0
 0.6637852859678944 1
538 0
 0.8383110919490473 1
539 0
 0.60333389078914 1
540 0
 0.5987115786201491 1
541 0
 0.752954072025396 1
542 0
 0.7095304853928406 1
543 0
 0.5861715375787029 1
544 0
 0.744471218427961 0
545 0
 0.590670029612712 0
546 0
 0.6300122379084192 1
547 0
 0.6236307469160041 1
548 0
 0.9049510886694452 1
549 0
 0.6309609555154787 1
550 1
 0.6599114923277583 1
551 0
 0.6275398075027682 0
552 0
 0.585681924825699 1
553 0
 0.517845235346852 1
554 0
 0.5293072972173183 1
555 0
 0.6291091953802059 1
556 0
 0.8773523885495287 0
557 0
 0.8338603521941619 1
558 0
 0.5423273063351647 1
559 0
 0.7078691576914531 1
560 0
 0.5938184233988254 1
561 0
 0.7875602795028271 1
562 0
 0.6599842729634477 1
563 0
 0.6682667065992864 1
564 0
 0.7671915862375278 1
565 0
 0.5410848884521202 1
566 0
 0.5956363737901429 1
567 0
 0.5256100500699515 1
568 0
 0.6564832212139153 1
569 0
 0.8036726677909992 0
570 0
 0.5883922017396545 1
571 0
 0.6688684770966747 0
572 0
 0.7036265259344929 0
573 1
 0.8246473968256488 1
574 0
 0.6987985016543831 1
575 0
 0.645556354538384 1
576 0
 0.6611319620955931 1
577 0
 0.5365019370300641 1
578 0
 0.7366728811999599 0
579 0
 0.602633977453515 1
580 0
 0.6689925685737127 1
581 0
 0.6969875360261893 0
582 0
 0.649914608140557 1
583 0
 0.5261064465557804 0
584 0
 0.6777046182893017 1
585 0
 0.5952499372575246 0
586 0
 0.8536428655364322 0
587 0
 0.6294807200257136 1
588 0
 0.4474652390017883 1
589 0
 0.43833180350733214 1
590 0
 0.7762487505785496 1
591 0
 0.8003102467848389 1
592 0
 0.6813358443141951 1
593 0
 0.6085236045706347 1
594 0
 0.51899636747563 0
595 0
 0.771025144856103 1
596 0
 0.8064126423041477 1
597 0
 0.5659117257947999 1
598 0
 0.5411855832526687 1
599 0
 0.9717571148827608 0
600 0
 0.43918369007408026 1
601 0
 0.6009843593612734 1
602 0
 0.6660306587697535 0
603 0
 0.7014352534059405 0
604 0
 0.5901578707914118 1
605 0
 0.6046586471131924 0
606 0
 0.6744807770462213 1
607 1
 0.7066243330742124 1
608 0
 0.5869026822052934 1
609 0
 0.7493499189338819 1
610 0
 0.7090559605108409 1
611 0
 0.5475313483632487 1
612 0
 0.6927466114792301 0
613 1
 0.7030953311795954 1
614 0
 0.7578702197893907 0
615 0
 0.6273492745209398 1
616 0
 0.5544809281665232 1
617 0
 0.561725374924497 1
618 0
 0.764270234130447 1
619 0
 0.8375758191867099 1
620 0
 0.8744873115801933 0
621 0
 0.8416467257097034 1
622 1
 0.678933438572022 1
623 0
 0.4341178269624065 1
624 0
 0.6311454441998052 1
625 1
 0.8081777224733975 1
626 0
 0.5783755739047418 1
627 0
 0.5998523700939977 1
628 0
 0.6577365586520216 1
629 0
 0.4892269261422098 1
630 1
 0.6214264579972286 1
631 1
 0.6320984013441768 1
632 0
 0.8621817400811898 0
633 0
 0.49642692444645575 0
634 0
 0.7071554324673374 0
635 0
 0.6064074122217183 0
636 0
 0.6868072770477845 1
637 0
 0.5960200581564434 1
638 0
 0.7158961502023694 1
639 0
 0.6309623110985912 1
640 0
 0.9287994868912521 1
641 0
 0.588413368301299 0
642 0
 0.8042869193587553 0
643 0
 0.5155314940337763 1
644 0
 0.6119261727689166 1
645 0
 0.5933865249487322 1
646 0
 0.7346221383166064 0
647 0
 0.7075022926753515 1
648 0
 0.8191000977591867 0
649 0
 0.5928160482073181 1
650 0
 0.8064796860495193 0
651 0
 0.454162581314682 0
652 1
 0.5879988479939073 1
653 0
 0.7031845706493873 0
654 1
 0.7331239023725352 1
655 0
 0.7200586930744133 1
656 0
 0.5249023661787882 1
657 0
 0.6339644576459458 0
658 0
 0.5150082553022595 1
659 0
 0.7964621681274495 1
660 0
 0.6435297149918463 1
661 0
 0.5328829593913128 1
662 0
 0.8590123691293112 1
663 0
 0.49032410623289296 0
664 0
 0.7040768938669852 1
665 0
 0.7836245153510565 1
666 1
 0.7648023988386566 1
667 0
 0.6759819988089898 1
668 0
 0.7173711859561304 1
669 0
 0.7635065996643097 1
670 0
 0.6461099496149282 1
671 0
 0.8730143471766872 1
672 0
 0.64837123003852 1
673 0
 0.6776564007855563 1
674 1
 0.7091456414949848 1
675 0
 0.6176455928862512 1
676 0
 0.6248833263273331 1
677 1
 0.7655240885097103 1
678 0
 0.6174648273897664 0
679 0
 0.954942321000497 0
680 0
 0.49752587400190956 1
681 0
 0.6663154384868444 0
682 0
 0.5518403532340227 0
683 0
 0.5584457492840702 1
684 0
 0.48352380059415084 1
685 1
 0.920678639213157 1
686 0
 0.5194957611610738 1
687 0
 0.5532634134636517 1
688 0
 0.586049283811188 1
689 0
 0.8653886062640197 0
690 0
 0.5612362175688173 1
691 1
 0.7322906622137624 1
692 0
 0.5751534501706046 1
693 0
 0.5257396557564804 1
694 0
 0.6162774146770797 1
695 0
 0.5503872636815921 0
696 0
 0.8135796869588318 0
697 0
 0.590616759908985 1
698 0
 0.6519478721518986 1
699 0
 0.6401732927980586 1
700 1
 0.9055468355932113 1
701 1
 0.9422175957930812 1
702 0
 0.6444189820204986 1
703 0
 0.8209873669083276 1
704 0
 0.779000305472365 1
705 1
 0.6430351640038311 1
706 0
 0.6272996926914463 0
707 0
 0.5021781900610369 1
708 0
 0.7219051647807969 0
709 0
 0.7763834596354724 1
710 0
 0.4708496066278255 0
711 0
 0.4966032578217848 1
712 0
 0.7676823178510422 0
713 0
 0.44517315490955084 1
714 0
 0.8644798569925337 1
715 0
 0.6611945287887848 1
716 0
 0.6162153400241529 0
717 0
 0.6378728430055922 0
718 0
 0.7509389028997642 1
719 0
 0.773508805813957 1
720 0
 0.7225854363616163 1
721 0
 0.5434044128973775 1
722 0
 0.7231341852126902 1
723 0
 0.7110189632587718 1
724 0
 0.5907035722505795 0
725 0
 0.8633250300453105 1
726 0
 0.7853841481553958 1
727 0
 0.5521321139646997 1
728 0
 0.5504705091685614 1
729 0
 0.598498176039163 1
730 0
 0.7811171959026898 0
731 0
 0.7913533685971292 0
732 0
 0.6298280191661433 1
733 0
 0.7904129527043915 0
734 0
 0.6023817083361276 1
735 0
 0.6571918085830727 0
736 1
 0.8176805017945791 1
737 0
 0.6186602121785502 1
738 0
 0.46046748606392546 1
739 0
 0.4616471896796851 1
740 0
 0.5665584236901163 1
741 0
 0.5637785504617949 0
742 0
 0.593006322624618 1
743 0
 0.6311073947524408 0
744 0
 0.6452203600381097 1
745 0
 0.7063368934280871 0
746 1
 0.7932314793308213 1
747 0
 0.6484282149848185 0
748 0
 0.7273530149623252 0
749 1
 0.9654077587078458 1
750 0
 0.686522788717839 0
751 0
 0.573358281895571 0
752 0
 0.6159430743198046 0
753 0
 0.652660242487786 1
754 0
 0.6310026961864709 1
755 0
 0.662348941600598 1
756 0
 0.6574790286306316 1
757 0
 0.762228735814554 1
758 1
 0.8507359480564531 1
759 1
 0.7502088877716547 1
760 0
 0.6697185348777376 0
761 0
 0.6283421229899788 1
762 0
 0.6399159930335516 1
763 0
 0.5810178633329203 1
764 0
 0.48005707579243545 1
765 0
 0.6974185586373871 1
766 0
 0.5370942300156443 1
767 0
 0.6374272750157335 0
768 0
 0.6692876075500488 0
769 0
 0.6842614847188678 0
770 0
 0.6197677196145487 1
771 0
 0.699042704089379 1
772 0
 0.6631349265097242 1
773 0
 0.5813955541931014 1
774 0
 0.6031204332124183 1
775 1
 0.99999999998808 1
776 0
 0.5751981906126599 1
777 1
 0.9221413574236546 1
778 1
 0.7841310748261995 1
779 0
 0.5453933977940122 1
780 0
 0.5352216035364276 1
781 1
 0.6155832300916388 1
782 0
 0.581100612456777 1
783 0
 0.5720032652157434 0
784 0
 0.9191533822945768 1
785 0
 0.6494079054715858 0
786 0
 0.4338596625249285 1
787 0
 0.5181280046489161 0
788 0
 0.6509744378642942 1
789 0
 0.7153741994741977 1
790 0
 0.8997388520417962 1
791 0
 0.6586977609083625 1
792 0
 0.7566627077232088 0
793 0
 0.5001134812982232 1
794 0
 0.526999489929342 1
795 0
 0.5465747957102502 1
796 0
 0.7352754522064319 1
797 0
 0.5224674986086089 1
798 0
 0.8053890087383387 1
799 0
 0.6141893120270367 1
800 0
 0.5398690754576324 1
801 0
 0.7628587560648823 1
802 0
 1.0000000000229428 0
803 0
 0.5988058002027636 1
804 0
 0.6601479650435025 1
805 0
 0.7570629322105226 0
806 0
 0.5849251328384389 0
807 0
 0.6921832199668896 1
808 0
 0.4588717881044309 1
809 0
 0.8644676725079422 0
810 0
 0.6017580760706058 1
811 0
 0.7601802606085285 0
812 0
 0.6438563072840964 1
813 0
 0.6660359929341407 1
814 0
 0.5208601866100598 1
815 0
 0.46801750512199314 1
816 0
 0.6379620245478251 0
817 0
 0.6220859760687509 1
818 0
 0.6995500918374283 0
819 0
 0.8699098247065794 0
820 0
 0.5479662052982786 1
821 0
 0.5267678258652343 1
822 0
 0.7799385682906486 1
823 0
 0.6068808235201069 1
824 0
 0.7542732813692575 0
825 0
 0.8058944527920006 0
826 0
 0.5411747074239716 1
827 0
 0.9589044407446747 0
828 0
 0.5296735181820885 1
829 0
 0.8016576757114412 1
830 0
 0.855230419332614 1
831 0
 0.7121595730591751 1
832 0
 0.6314328203854186 0
833 1
 0.6772256663561534 1
834 0
 0.55264328839029 0
835 0
 0.7248437064723879 1
836 0
 0.8046894208930824 1
837 0
 0.8754480817604535 0
838 0
 0.7529035461762896 1
839 0
 0.6770113593755656 1
840 0
 0.7843254686681472 0
841 0
 0.6223168380345709 0
842 0
 0.5795024911702422 1
843 0
 0.6099061420739954 1
844 0
 0.683560803150011 1
845 0
 0.9463701205769656 0
846 0
 0.5725579740634379 1
847 0
 0.779043220955276 0
848 0
 0.5067250706390427 1
849 0
 0.8001294266091521 0
850 0
 0.5323353919054501 1
851 0
 0.7836583873880836 1
852 0
 0.6443293572175796 0
853 0
 0.8637478277092034 0
854 0
 0.6259408996202193 0
855 0
 0.7758132181922774 1
856 0
 0.5118419427973623 0
857 0
 0.681851165070803 1
858 0
 0.756914158262741 1
859 0
 0.6322944421209612 1
860 0
 0.5783703490625103 1
861 0
 0.9166388138617682 1
862 0
 0.6330845740446179 1
863 0
 0.7263476072652594 1
864 0
 0.9423247190618207 0
865 0
 0.723014851102 0
866 0
 0.8823155038695193 0
867 0
 0.8171750318563586 1
868 0
 0.5623480646250282 1
869 0
 0.6180981087158243 1
870 0
 0.6252870980843172 1
871 0
 0.8285535530908817 1
872 0
 0.49631125474542853 0
873 0
 0.6849886475844027 1
874 1
 0.8880274550775585 1
875 0
 0.6945473538104906 1
876 1
 0.8218252013141663 1
877 0
 0.6154388532891488 1
878 0
 0.561469006572796 1
879 0
 0.656061949783559 1
880 0
 0.5720710892051675 1
881 0
 0.6423592546951608 0
882 0
 0.5344481662210941 1
883 0
 0.6610737346742852 1
884 0
 0.5787808844980189 1
885 0
 0.7848987747829719 1
886 0
 0.6506084440165573 1
887 0
 0.7088183585118106 1
888 1
 0.9397541917498348 1
889 1
 0.9030351882747549 1
890 0
 0.6501248804137969 1
891 0
 0.8249008138494147 1
892 1
 0.7578734180459658 1
893 0
 0.819392316798442 1
894 0
 0.8045872763291239 1
895 0
 0.7367652072129851 1
896 0
 0.5601267440798621 0
897 0
 0.6593445666616676 0
898 0
 0.6176544144025787 0
899 1
 0.7883372482513203 1
900 0
 0.6495426330745782 0
901 0
 0.5943537476471902 1
902 0
 0.4957472330262302 1
903 0
 0.5450348984667442 1
904 0
 0.6583111378686827 1
905 0
 0.7185641403081778 1
906 0
 0.5436226069968169 1
907 0
 0.539998751198953 0
908 0
 0.6371491092773719 1
909 0
 0.4957578792743372 1
910 1
 0.7732449686419876 1
911 0
 0.5343210552918293 0
912 0
 0.8343097545876442 1
913 0
 0.6080973287290687 1
914 0
 0.7337396342860003 1
915 0
 0.6508471768001753 0
916 1
 0.8396633785017595 1
917 0
 0.701021010852849 0
918 0
 0.5147687758560893 1
919 0
 0.5730180956091662 0
920 0
 0.7688137259390356 0
921 0
 0.8162429945495294 1
922 0
 0.6585012293893614 1
923 0
 0.6350884671036391 1
924 0
 0.7481108186486243 0
925 0
 0.6437868110129634 1
926 0
 0.8597826624687314 0
927 0
 0.5720086830256563 1
928 0
 0.7519155040105101 1
929 0
 0.6359743819594704 1
930 1
 0.9999999999906755 1
931 1
 0.8053655270617318 1
932 1
 0.8423418590070733 1
933 0
 0.521591659905389 0
934 1
 0.6002411264479661 1
935 0
 0.6315792814308602 1
936 0
 0.5876307915160526 1
937 0
 0.5853893545809301 1
938 0
 0.7357114628659824 1
939 0
 0.878210803748317 1
940 0
 0.6739249574788304 1
941 0
 0.6868135113284615 0
942 0
 0.4916894658318713 0
943 0
 0.5337545852105298 1
944 0
 0.5004173057250197 1
945 0
 0.669070974638532 1
946 0
 0.614209230226196 1
947 0
 0.5718698051764926 1
948 1
 0.7629845391565062 1
949 0
 0.7335056847044709 1
950 0
 0.6916561461245148 1
951 0
 0.6411152717343371 1
952 0
 0.6043715185531165 1
953 0
 0.6467826227393045 0
954 0
 0.6114275489135663 1
955 0
 0.6985176759348066 1
956 0
 0.6498342416807537 1
957 0
 0.6629813205057923 1
958 0
 0.6372705996604533 1
959 0
 0.7209251828327793 1
960 0
 0.6586168710622005 1
961 0
 0.7524488782624601 0
962 0
 0.5566763861310008 1
963 0
 0.7160416056067026 1
964 0
 0.5215796285397548 0
965 0
 0.7375044409517596 1
966 0
 0.4823269767221559 1
967 0
 0.4496817557059589 1
968 0
 0.5686422495029503 1
969 0
 0.6311841460240624 0
970 0
 0.5514376977951096 1
971 0
 0.6417602124840386 1
972 0
 0.724080076284762 1
973 0
 0.6061792415793058 1
974 0
 0.592588238089296 1
975 0
 0.6701221896533307 1
976 0
 0.6279745202521367 1
977 0
 0.8120322931932554 1
978 0
 0.5771576391484243 1
979 1
 0.86515398267837 1
980 0
 0.4501610680497336 1
981 0
 0.6224819179341469 1
982 0
 0.6075543000667182 1
983 0
 0.552596204941035 1
984 1
 0.7297048604865223 1
985 0
 0.5129212470387724 1
986 0
 0.6291813632471477 1
987 0
 0.4791720573858057 1
988 0
 0.4962479032608685 0
989 0
 0.7129585320187778 0
990 0
 0.6515778940397429 0
991 0
 0.6405555427605086 1
992 0
 0.6202690880282945 1
993 1
 0.6159479030964246 1
994 0
 0.5218684606961176 1
995 0
 0.5892803078913897 1
996 0
 0.5470886205457207 1
997 1
 0.6746219880254792 1
998 0
 0.5410176168268589 1
999 0
 0.6943845413974779 1
