0 0
 0.4830870444796229 1
1 0
 0.6259828137678982 1
2 0
 0.7930620426119533 0
3 0
 0.7104378097054332 1
4 0
 0.5518298044973067 1
5 0
 0.6823827452339528 1
6 0
 0.804035383805647 1
7 1
 0.7701265736321318 1
8 0
 0.7009036875983089 1
9 0
 0.5714119168900686 1
10 0
 0.6888039672935883 0
11 0
 0.6096619154011932 1
12 0
 0.671463681374855 1
13 0
 0.8432092595555635 0
14 0
 0.6020764295313827 1
15 0
 0.9573792612579358 1
16 0
 0.6510544821231925 1
17 0
 0.7271434026860841 1
18 0
 0.6676652528220487 1
19 1
 0.6523110934589463 1
20 0
 0.6301613854056286 1
21 0
 0.5821892271153551 1
22 0
 0.5983541923477038 1
23 0
 0.7443113424821947 1
24 0
 0.7061587701533394 1
25 0
 0.5224388095914897 1
26 0
 0.7573087076915993 1
27 0
 0.567825554689195 1
28 0
 0.6907961099620107 1
29 0
 0.5364329750139574 1
30 0
 0.7238235681297567 1
31 0
 0.627896919778318 1
32 0
 0.7474670229482482 1
33 0
 0.44008830089344886 1
34 0
 0.785504956828887 1
35 0
 0.791044484252631 1
36 0
 0.8757376330056311 1
37 0
 0.7522351661708826 1
38 0
 0.5700927418157764 1
39 1
 0.8770533907601714 1
40 0
 0.9807852038148354 0
41 0
 0.5856751274963246 1
42 0
 0.46117788116722774 1
43 0
 0.7820365974208906 1
44 0
 0.6134148052910802 1
45 0
 0.5924444624888827 1
46 0
 0.590336743719468 1
47 0
 0.654073060106808 0
48 0
 0.7262261080524923 1
49 0
 0.6512382249938069 1
50 0
 0.9071184418118566 1
51 0
 0.5573896642319192 1
52 0
 0.751791747559843 1
53 0
 0.9043286512238872 1
54 1
 0.7488933380875016 1
55 0
 0.8959705564901882 0
56 0
 0.7111435156573601 1
57 0
 0.6078550542063265 0
58 0
 0.7909111900097059 0
59 0
 0.5805522518462174 1
60 0
 0.8209808269255441 0
61 0
 0.7528459483879546 1
62 0
 0.5307310491811406 1
63 1
 0.820670822365748 1
64 1
 0.7520762963663401 1
65 0
 0.7194611079120345 1
66 0
 0.6876030134508947 0
67 0
 0.46849758730343855 1
68 0
 0.6967655874307952 1
69 0
 0.703992579874239 1
70 0
 0.8009866262845011 1
71 0
 0.4795491063105319 1
72 0
 0.7997376768831626 1
73 0
 0.7215271205526809 0
74 1
 0.9179366269490647 1
75 0
 0.9549088436972857 1
76 0
 0.5258747592945895 1
77 0
 0.8235921963524249 1
78 0
 0.5873996115994757 1
79 0
 0.8431543332905679 1
80 0
 0.6770769054633621 1
81 0
 0.9308321292368303 1
82 0
 0.5724490745911358 1
83 0
 0.7292764921227185 1
84 1
 0.9331741972758836 1
85 0
 0.6383010148633028 0
86 0
 0.6029937091026765 1
87 0
 0.6636483191851965 0
88 0
 0.6304950582327471 1
89 0
 0.7382257174332494 1
90 0
 0.6984405746055529 0
91 0
 0.5260285439337377 1
92 0
 0.771969487500733 1
93 1
 0.7261147716028454 1
94 0
 0.6843719008107608 1
95 0
 0.6567401753514271 1
96 0
 0.7215489330651061 1
97 0
 0.5753501388850334 1
98 0
 0.7669136556973982 0
99 0
 0.5629035256791176 1
